[ 32 ] -> [ 39 ]: (0.6, 5258, 2972)
[ 32 ] -> [ 48 ]: (0.5, 5258, 2765)
[ 39 ] -> [ 48 ]: (0.6, 16649, 9382)
[ 32, 39 ] -> [ 48 ]: (0.6191117092866757, 2972, 1840)
[ 38 ] -> [ 39 ]: (0.6522417153996102, 5130, 3346)
[ 38 ] -> [ 48 ]: (0.5, 5130, 2516)
[ 38, 39 ] -> [ 41 ]: (0.502092050209205, 3346, 1680)
[ 38, 39 ] -> [ 48 ]: (0.5678421996413628, 3346, 1900)
[ 41 ] -> [ 39 ]: (0.7641044592264105, 8118, 6203)
[ 41 ] -> [ 48 ]: (0.6, 8118, 4810)
[ 39, 41 ] -> [ 48 ]: (0.634370465903595, 6203, 3935)
[ 48 ] -> [ 39 ]: (0.6854178842781998, 13688, 9382)
[ 41, 48 ] -> [ 39 ]: (0.818087318087318, 4810, 3935)
